POPTOT_FR	FAIBLEREV	MONOPCT	MENAGE1PCT	IMMREC_PCT	TX_CHOM	NOECOLEPCT	SCO_M9PCT	SCO_M13PCT	PARTIELPCT	FAIBREVPCT	INDICE_PAU	Dist_Min	N_1000	Dist_Moy_3
970.00	35.00	11.48	16.67	1.03	1.80	8.00	6.16	24.66	45.13	3.61	0.50	6264.77	0.00	8835.79
9105.00	2965.00	21.74	24.22	5.43	10.36	30.42	9.64	34.44	41.68	32.56	1.49	1458.96	0.18	3352.85
4190.00	435.00	13.93	26.59	3.10	4.55	22.69	3.76	28.84	40.94	10.38	0.70	1094.89	0.37	1862.38
1300.00	335.00	22.95	60.36	0.77	8.89	68.75	7.23	36.60	33.33	25.77	1.16	1155.84	0.35	1826.47
6270.00	1010.00	15.47	21.96	3.43	7.52	29.31	4.59	33.22	45.08	16.11	0.90	1097.95	0.59	1652.04
4340.00	935.00	16.88	23.00	3.11	4.61	25.00	6.61	34.03	47.60	21.54	0.97	705.67	1.08	1343.42
4255.00	1025.00	19.82	33.82	7.40	7.53	24.77	9.62	39.10	39.95	24.09	1.37	889.81	0.77	1360.43
5440.00	545.00	17.41	21.61	1.84	5.93	29.37	5.83	31.05	37.66	10.02	0.80	747.52	1.12	1227.20
5840.00	725.00	17.71	12.66	4.62	3.02	27.52	7.70	32.17	39.34	12.41	0.93	1725.72	0.00	2126.51
2875.00	240.00	12.87	17.56	1.69	4.62	28.89	7.54	34.31	30.75	8.35	0.70	3568.80	0.00	4153.66
3405.00	405.00	14.95	20.65	1.62	4.50	28.77	4.55	22.51	31.60	11.89	0.70	2382.49	0.00	2996.09
3480.00	465.00	11.39	16.05	3.88	5.09	21.84	2.48	29.34	32.92	13.36	0.69	1238.09	0.37	1881.96
3695.00	350.00	16.98	17.58	3.78	6.51	32.29	6.08	30.39	39.95	9.47	0.88	2022.26	0.00	2624.01
2455.00	740.00	22.05	40.56	6.72	7.03	32.50	10.89	34.18	42.96	30.14	1.48	3841.63	0.00	7820.79
2015.00	70.00	9.09	13.14	1.96	4.27	27.27	1.83	19.05	33.87	3.47	0.42	6389.75	0.00	7535.36
3135.00	900.00	28.57	40.07	1.90	9.59	52.22	10.17	47.30	41.76	28.71	1.44	1619.21	0.30	1874.71
2910.00	345.00	13.02	19.43	1.54	5.11	22.62	10.39	39.13	44.00	11.86	0.83	3905.51	0.00	4932.05
5730.00	245.00	7.69	13.53	1.48	4.98	11.45	6.01	28.76	36.99	4.28	0.51	1560.84	0.05	2818.29
5000.00	320.00	12.72	16.03	1.90	3.79	23.29	5.20	30.92	35.99	6.40	0.60	1075.07	0.59	2428.84
5260.00	345.00	7.28	12.67	1.62	6.37	7.09	1.58	14.25	41.50	6.56	0.45	1590.18	0.40	2802.43
2890.00	125.00	9.94	15.53	0.00	3.53	17.19	1.90	20.71	46.60	4.33	0.36	2862.35	0.00	4221.56
5230.00	305.00	11.04	17.29	3.35	3.83	15.67	2.93	17.42	38.76	5.83	0.56	1407.85	0.20	2152.74
5805.00	220.00	11.28	10.68	1.81	4.03	13.64	1.03	13.55	43.64	3.79	0.43	2922.66	0.00	3449.01
3805.00	280.00	7.66	11.70	1.58	6.55	25.00	1.26	12.79	46.01	7.36	0.46	1173.43	0.37	5037.84
7095.00	545.00	11.11	19.96	2.26	5.00	12.18	3.95	20.83	37.68	7.68	0.59	1914.27	0.00	2191.35
4950.00	195.00	5.54	3.94	2.63	4.99	11.11	1.78	16.05	32.23	3.94	0.40	3091.12	0.00	3520.00
3915.00	315.00	8.80	6.47	3.19	6.14	11.63	4.76	24.76	35.78	8.05	0.64	1048.75	0.57	1547.61
4465.00	370.00	6.07	5.20	2.24	4.98	18.44	5.51	19.03	41.39	8.29	0.54	1849.46	0.10	2056.53
6900.00	660.00	10.28	34.65	1.74	5.15	16.55	4.68	22.68	43.36	9.57	0.60	1910.01	0.25	2966.82
6515.00	640.00	12.90	23.23	1.23	5.24	12.67	4.79	23.62	41.59	9.82	0.64	2483.02	0.01	3469.60
6280.00	855.00	18.29	34.15	2.47	8.50	20.35	3.19	25.50	38.60	13.61	0.87	1653.09	0.00	2318.56
5300.00	450.00	13.46	15.53	1.23	5.23	19.57	3.46	27.53	42.31	8.49	0.60	1647.90	0.09	2480.99
4040.00	355.00	14.35	17.09	3.22	4.27	19.80	2.86	28.21	36.52	8.79	0.66	2142.49	0.03	2932.66
7270.00	1495.00	18.99	15.16	5.91	7.67	29.25	6.24	31.22	41.04	20.56	1.16	1051.88	0.46	2828.32
3990.00	865.00	20.28	18.92	8.86	10.85	23.13	11.33	36.11	42.89	21.68	1.52	855.48	0.49	2624.21
4605.00	880.00	15.94	25.72	7.38	9.70	37.78	6.56	29.74	40.33	19.11	1.19	1190.62	0.34	2412.46
4610.00	720.00	23.62	20.25	6.05	5.61	16.23	3.71	27.05	43.67	15.62	1.09	1997.30	0.00	2338.96
5220.00	425.00	8.68	15.79	0.77	4.92	18.07	4.05	22.00	40.07	8.14	0.50	1871.13	0.00	2321.03
3785.00	240.00	3.59	9.13	0.79	5.19	27.66	1.71	17.91	37.62	6.34	0.32	1515.09	0.09	1875.39
4030.00	250.00	7.46	7.98	1.36	4.91	8.51	4.11	19.68	47.48	6.20	0.47	2495.89	0.00	2846.52
4290.00	465.00	7.73	5.79	0.35	4.07	12.68	3.56	24.58	40.61	10.84	0.46	2274.00	0.00	2956.52
3940.00	335.00	10.67	15.97	2.28	7.14	17.80	5.35	26.25	45.11	8.50	0.68	1996.07	0.00	2516.19
3530.00	310.00	9.95	18.62	1.27	4.76	28.32	7.14	29.89	38.72	8.78	0.63	1777.67	0.03	2076.67
2535.00	335.00	13.01	9.38	1.38	8.16	13.33	3.31	25.90	53.64	13.21	0.71	1190.48	0.09	1664.81
5610.00	740.00	14.02	16.79	1.51	5.33	21.95	7.72	31.60	46.63	13.19	0.80	1373.76	0.26	2235.55
5230.00	925.00	18.18	45.69	3.23	5.09	45.67	6.19	35.55	41.72	17.69	0.95	1368.68	0.34	2693.30
5450.00	1025.00	16.29	33.47	5.32	5.26	27.59	6.92	34.94	45.30	18.81	1.03	946.08	0.55	2643.01
3185.00	220.00	10.88	21.05	1.26	2.60	22.86	3.30	24.95	37.15	6.91	0.47	2331.32	0.00	3300.91
3520.00	430.00	15.61	23.90	0.43	5.12	18.82	6.51	43.30	37.08	12.22	0.74	4161.80	0.00	4564.36
4600.00	1625.00	25.00	37.86	3.15	6.98	61.82	19.01	61.68	30.99	35.33	1.68	1646.08	0.00	2115.29
1230.00	345.00	25.37	44.44	1.18	13.95	28.00	14.22	58.29	39.55	28.05	1.54	363.27	0.95	2154.54
1625.00	590.00	37.21	48.52	0.00	8.72	37.14	22.83	61.59	44.00	36.31	1.95	479.10	1.06	2189.56
1120.00	200.00	12.96	48.31	4.29	8.89	27.59	15.79	51.05	40.30	17.86	1.23	670.42	1.70	2253.47
4925.00	1470.00	21.84	40.34	0.41	7.82	45.53	22.61	58.66	38.49	29.85	1.56	1072.90	0.57	2382.04
3610.00	1085.00	24.51	36.07	0.00	7.25	44.32	16.75	66.31	33.07	30.06	1.43	961.08	0.52	2301.13
2345.00	1365.00	38.46	42.04	2.41	13.76	44.07	22.16	66.49	47.25	58.21	2.42	1330.43	0.11	2715.65
5930.00	1750.00	23.51	39.53	7.93	8.32	50.00	15.65	49.57	38.27	29.51	1.71	657.65	1.08	2475.22
4100.00	1085.00	21.72	47.47	2.32	7.33	43.53	14.01	46.02	37.95	26.46	1.35	715.92	1.12	2529.82
5630.00	705.00	15.02	35.02	2.48	6.91	37.82	5.88	31.07	39.17	12.52	0.83	1514.10	0.37	2727.94
3840.00	305.00	10.78	17.19	1.30	5.21	22.78	5.13	31.86	40.09	7.94	0.59	1888.26	0.02	2914.31
2930.00	845.00	19.05	28.63	6.14	7.41	33.33	16.29	47.29	39.73	28.84	1.54	703.47	0.81	1363.02
3815.00	985.00	20.81	20.96	1.96	7.05	35.64	17.77	50.17	45.96	25.82	1.41	501.21	2.00	1010.81
6725.00	1805.00	22.28	33.10	6.69	12.31	28.57	16.71	52.93	41.93	26.84	1.71	777.60	1.29	1155.98
3600.00	640.00	21.40	25.17	2.22	8.04	41.33	22.76	55.91	39.15	17.78	1.49	1029.53	0.63	1230.00
2925.00	545.00	23.76	22.32	3.92	9.12	36.47	14.76	50.22	43.43	18.63	1.42	1019.17	0.45	1386.49
3585.00	1020.00	28.35	36.78	4.17	11.70	47.83	19.64	56.07	41.40	28.45	1.82	887.94	1.25	1165.71
4945.00	1435.00	20.36	25.59	5.54	10.29	36.75	20.87	52.58	39.09	29.02	1.73	868.86	1.06	1164.68
1685.00	965.00	39.18	34.51	10.71	14.81	36.54	22.18	58.58	46.46	57.27	2.77	1678.13	0.00	1790.66
3615.00	805.00	20.73	37.98	3.03	6.31	47.83	12.95	42.81	38.70	22.27	1.26	1423.47	0.03	2412.08
4545.00	750.00	25.18	35.43	1.21	7.07	31.91	15.75	45.75	40.57	16.50	1.30	541.86	1.17	1703.02
2985.00	545.00	21.21	36.56	0.50	5.69	34.38	14.65	48.41	40.06	18.26	1.15	431.20	2.24	1399.01
3735.00	540.00	18.26	31.53	1.61	6.11	40.00	11.58	41.78	35.96	14.46	1.02	1340.86	0.18	1812.59
4680.00	1320.00	22.14	43.54	2.56	10.24	24.69	18.96	52.84	37.41	28.21	1.59	535.50	2.30	1349.93
2985.00	610.00	12.88	41.13	0.00	6.38	44.78	24.35	51.50	35.14	20.44	1.28	674.82	1.26	1576.72
2730.00	490.00	26.45	40.45	1.28	6.09	30.77	12.53	45.33	32.91	17.95	1.23	1751.39	0.00	1960.63
4480.00	1110.00	21.62	31.82	7.13	9.58	24.27	11.59	39.91	39.50	24.78	1.50	629.55	0.90	1552.57
8240.00	1315.00	15.21	30.40	3.09	6.35	27.08	13.55	44.11	36.58	15.96	1.09	1072.57	0.46	1411.98
4810.00	1400.00	23.22	34.19	4.57	7.14	32.84	8.83	45.52	41.10	29.11	1.36	1153.01	0.30	1613.63
3340.00	835.00	20.21	35.02	0.90	4.45	41.79	20.67	54.19	43.18	25.00	1.37	653.81	1.53	1211.89
3660.00	1410.00	26.37	44.68	2.46	9.25	56.47	17.84	60.72	40.73	38.52	1.74	350.49	2.39	779.11
3200.00	895.00	30.34	42.28	0.63	6.99	51.67	17.81	54.01	42.06	27.97	1.57	654.72	1.77	1097.31
3305.00	830.00	26.98	33.44	0.76	9.12	32.81	14.92	55.43	39.14	25.11	1.44	1099.51	0.33	1590.82
2535.00	535.00	20.42	36.51	0.59	5.73	24.00	20.49	52.84	34.91	21.10	1.34	1281.85	0.00	1811.03
1985.00	175.00	13.49	25.75	0.50	5.60	18.18	7.26	29.97	37.71	8.82	0.69	1409.64	0.07	2094.56
7485.00	880.00	12.62	43.79	5.47	4.48	12.77	1.16	13.23	34.96	11.76	0.71	1685.87	0.25	2254.13
5665.00	715.00	11.96	41.23	8.02	4.15	15.66	1.25	13.03	39.94	12.62	0.80	999.48	0.86	1819.38
2045.00	1115.00	30.10	51.74	18.93	17.39	33.85	14.66	47.99	55.98	54.52	2.73	511.30	2.54	768.04
4695.00	1840.00	24.89	43.13	5.22	9.09	51.77	19.22	45.49	46.47	39.19	1.86	563.81	1.93	883.36
2830.00	1435.00	31.72	41.20	4.59	10.86	53.01	22.50	56.82	43.89	50.71	2.23	417.11	2.04	785.56
2030.00	1055.00	24.21	43.96	8.29	15.23	61.40	24.76	61.76	47.70	51.97	2.40	720.30	1.00	1082.80
2555.00	1190.00	30.95	51.21	9.00	13.06	28.79	22.25	59.48	44.91	46.58	2.38	600.53	2.43	840.22
3695.00	1445.00	24.34	45.24	5.66	6.67	53.76	17.46	50.41	40.45	39.11	1.76	341.59	2.24	670.42
3060.00	1430.00	26.67	40.54	5.07	10.82	43.04	18.26	57.32	38.35	46.73	1.99	379.13	2.77	711.18
3390.00	1690.00	36.72	34.52	7.66	9.88	44.80	20.12	50.59	46.95	49.85	2.35	338.27	3.74	608.11
2690.00	1150.00	36.11	36.86	3.91	11.76	37.84	20.91	53.85	53.74	42.75	2.17	439.85	3.21	655.33
1255.00	250.00	19.72	37.82	1.99	6.82	26.47	18.81	58.91	40.88	19.92	1.34	382.78	2.51	844.46
5155.00	350.00	13.51	18.60	2.33	4.63	20.00	3.28	14.23	47.00	6.79	0.61	988.00	0.62	1787.95
6975.00	545.00	10.26	23.88	3.23	5.06	17.61	2.76	19.29	45.71	7.81	0.59	1434.95	0.15	1852.57
4035.00	735.00	14.95	40.71	4.70	8.56	9.20	8.64	35.80	46.19	18.22	1.09	1034.68	0.39	1582.16
5395.00	2090.00	17.87	40.12	17.15	12.69	21.43	12.31	37.51	49.04	38.74	2.07	807.71	0.85	2080.15
3550.00	475.00	6.77	40.12	2.95	6.14	15.71	12.61	40.20	43.71	13.38	0.86	621.21	0.94	2143.55
4365.00	700.00	8.70	18.65	2.29	8.45	13.91	6.21	29.39	50.22	16.04	0.78	1577.08	0.04	2983.91
2820.00	520.00	11.32	25.70	1.60	7.34	6.67	10.82	31.49	48.75	18.44	0.94	1264.79	0.36	2939.28
6720.00	1220.00	11.56	37.78	3.57	6.82	25.60	10.17	40.76	46.19	18.15	0.99	1153.88	0.30	2496.28
1440.00	235.00	13.04	61.34	3.81	6.36	15.38	7.30	40.51	47.20	16.32	0.92	870.16	1.14	1361.35
1760.00	465.00	13.04	16.95	3.69	7.27	15.69	11.65	31.73	42.35	26.42	1.17	1030.93	0.61	1782.55
5155.00	1030.00	15.63	23.90	9.51	7.82	28.47	9.25	35.36	42.25	19.98	1.31	1711.20	0.00	2057.74
7435.00	1315.00	14.00	22.33	8.07	6.82	24.07	9.29	33.61	44.26	17.69	1.18	2530.99	0.00	2839.37
4965.00	1470.00	19.92	36.15	6.30	8.54	19.33	13.33	36.73	44.65	29.61	1.52	1129.89	0.31	1568.34
3580.00	280.00	9.30	25.26	3.36	3.85	20.51	3.14	17.71	31.40	7.82	0.56	2124.05	0.00	2559.13
3980.00	1045.00	17.23	37.14	7.53	8.25	32.10	8.54	37.85	36.79	26.26	1.34	2260.32	0.00	2802.44
4415.00	1305.00	17.72	39.56	6.00	11.47	38.18	10.77	45.03	43.03	29.56	1.45	1514.40	0.15	2114.87
4250.00	595.00	13.55	11.64	4.94	7.17	11.90	14.46	35.84	43.56	14.00	1.15	563.11	1.16	1492.18
2985.00	600.00	18.29	21.08	3.35	7.21	33.77	14.74	42.09	33.04	20.10	1.26	1510.83	0.09	2131.37
3580.00	1320.00	17.65	35.47	10.69	14.81	12.63	15.80	44.52	42.29	36.87	1.93	705.11	1.46	1030.58
3130.00	1705.00	29.80	13.97	21.41	12.78	37.61	27.08	57.55	53.90	54.47	3.06	727.15	1.68	1188.46
4715.00	2360.00	21.89	27.46	22.69	16.06	38.06	16.31	50.77	50.26	50.05	2.68	568.10	1.37	1267.04
5030.00	1200.00	17.63	31.20	2.78	7.41	19.83	17.22	41.14	45.07	23.86	1.35	1085.84	0.27	1516.26
4430.00	975.00	17.20	27.41	5.30	7.11	22.86	11.34	34.02	42.48	22.01	1.25	969.77	0.51	1420.66
4275.00	895.00	13.81	49.17	6.86	5.99	20.75	7.78	41.91	46.72	20.94	1.11	1036.75	0.24	1582.12
6710.00	3200.00	17.23	38.66	16.47	16.46	43.26	10.48	38.54	45.39	47.69	2.17	885.81	0.78	1580.62
6045.00	2740.00	18.06	35.59	14.64	14.34	28.78	12.17	39.89	50.60	45.33	2.08	577.29	1.08	1424.04
1680.00	205.00	10.64	26.81	5.97	6.59	17.14	3.12	17.97	46.20	12.20	0.79	1141.76	0.19	1662.61
4550.00	410.00	14.23	22.03	4.06	5.02	11.61	3.84	16.54	46.61	9.01	0.74	912.35	0.60	1628.45
3000.00	235.00	13.69	34.25	4.83	4.26	14.29	2.61	15.47	43.48	7.83	0.69	1291.64	0.33	1635.88
1185.00	185.00	9.52	30.43	6.78	6.25	10.34	8.47	28.25	60.00	15.61	0.98	548.36	0.91	1285.00
5000.00	490.00	10.43	24.19	4.20	5.15	8.94	4.08	17.12	44.01	9.80	0.69	1112.66	0.40	1622.27
4660.00	375.00	11.19	24.00	2.25	2.86	15.60	4.69	18.92	50.00	8.05	0.57	1818.48	0.00	2189.05
1805.00	60.00	6.86	14.63	1.66	1.88	12.31	4.55	13.03	46.67	3.32	0.39	1515.58	0.19	1764.62
1435.00	225.00	18.57	51.57	2.09	8.09	17.39	2.48	12.40	54.49	15.68	0.86	1011.64	0.33	1883.18
2530.00	300.00	17.16	23.56	7.31	6.11	14.81	2.56	11.08	53.10	11.86	0.94	989.25	0.69	1629.45
4640.00	970.00	12.62	42.57	1.93	4.19	32.14	7.27	22.85	52.90	20.91	0.84	616.67	1.01	1277.64
2555.00	570.00	20.83	32.18	5.68	7.61	40.70	9.89	26.27	42.26	22.31	1.31	648.53	0.94	1372.17
2755.00	485.00	31.25	33.73	4.52	7.67	27.94	4.17	12.01	42.73	17.60	1.26	973.32	0.51	1454.04
2580.00	215.00	20.41	28.04	3.88	2.66	18.03	2.37	10.53	48.56	8.33	0.75	1083.50	0.15	1601.07
4025.00	690.00	25.48	42.35	5.82	6.85	25.00	5.98	20.94	48.33	17.14	1.22	915.29	0.63	1592.07
2170.00	375.00	20.18	49.57	1.38	5.95	30.43	1.91	17.49	49.03	17.28	0.82	1013.29	0.49	1269.49
5040.00	1035.00	15.73	49.54	8.62	6.09	18.87	2.19	18.71	47.99	20.54	1.06	768.08	1.03	1123.04
2425.00	320.00	16.41	37.50	3.86	5.49	12.96	1.78	14.76	42.91	13.20	0.78	639.20	1.02	1449.44
2955.00	110.00	15.15	26.18	1.68	3.48	7.81	0.92	7.80	39.48	3.72	0.49	556.50	1.24	1503.21
3130.00	285.00	7.91	10.95	2.63	3.92	18.68	0.67	7.76	49.56	9.11	0.45	855.88	0.80	1610.67
1425.00	125.00	7.23	28.57	3.82	6.49	19.51	0.87	8.26	48.00	8.77	0.54	914.84	0.73	1310.36
2030.00	25.00	7.08	8.13	0.49	2.79	16.67	0.72	12.90	39.46	1.23	0.24	1380.53	0.12	1998.36
2660.00	935.00	17.48	32.46	6.77	10.08	35.59	25.95	60.71	43.21	35.15	1.93	731.92	1.41	1359.74
5325.00	2010.00	31.54	30.79	4.59	10.93	32.45	23.13	58.96	43.98	37.75	2.09	494.33	2.24	1142.50
4150.00	1765.00	31.11	32.95	5.42	10.56	47.41	25.37	62.44	45.45	42.53	2.22	731.82	0.92	1340.05
6775.00	3180.00	24.32	31.22	3.54	11.52	40.23	27.79	61.84	41.98	46.94	2.16	431.87	1.79	893.42
3505.00	1165.00	27.89	40.73	2.70	7.12	33.73	23.05	59.89	51.38	33.24	1.81	519.93	1.77	917.87
5050.00	1915.00	23.18	30.77	3.26	12.65	29.85	22.12	54.84	44.29	37.92	1.89	906.88	0.87	1145.98
6030.00	2500.00	29.94	31.14	4.39	12.12	41.38	23.09	60.36	44.25	41.46	2.12	611.45	1.04	1425.13
5225.00	1570.00	22.07	28.70	3.62	8.67	31.93	23.57	51.77	39.92	30.05	1.74	870.20	1.38	1299.45
3710.00	915.00	23.47	30.77	1.08	9.81	35.96	20.42	52.29	45.11	24.66	1.54	882.40	0.70	1663.14
3090.00	960.00	25.00	44.12	3.70	10.00	31.08	19.72	50.40	43.49	31.07	1.74	1080.12	0.53	1745.09
5525.00	2110.00	20.68	60.91	3.05	10.50	39.39	26.49	57.80	41.85	38.19	1.91	606.86	1.02	1156.89
4575.00	1950.00	29.55	33.42	7.66	14.74	33.83	27.33	60.03	42.26	42.62	2.42	671.01	1.89	1028.47
4555.00	1260.00	20.53	25.97	2.30	9.48	38.81	25.97	55.24	45.03	27.66	1.71	594.84	2.24	988.34
5415.00	1625.00	22.19	34.55	3.12	9.69	32.08	23.48	57.39	45.82	30.01	1.74	869.20	0.62	1507.80
4220.00	2165.00	43.04	31.77	8.62	19.14	43.90	27.63	66.27	45.28	51.30	2.93	566.89	1.00	1412.66
5050.00	3055.00	45.26	28.50	12.94	17.37	44.97	22.17	63.65	52.26	60.50	3.07	946.93	0.57	1276.59
2790.00	1120.00	27.81	21.86	2.15	9.81	37.35	26.70	57.93	38.22	40.14	2.02	1034.73	0.70	1168.52
4400.00	2185.00	31.78	50.00	2.15	19.63	48.78	34.30	70.49	49.24	49.66	2.63	414.81	1.00	1689.75
3715.00	900.00	17.12	26.86	4.70	8.04	33.75	27.12	48.59	38.63	24.23	1.70	584.92	3.42	707.20
3440.00	1135.00	19.13	38.27	6.82	5.64	39.74	26.50	51.41	46.59	32.99	1.86	439.02	1.52	874.15
5055.00	1635.00	19.49	33.03	7.60	13.85	34.23	27.02	54.67	43.11	32.34	2.07	736.94	2.00	902.52
3040.00	705.00	19.43	26.98	4.27	10.03	35.00	26.49	48.05	37.50	23.19	1.74	551.89	1.91	861.57
2915.00	990.00	24.85	36.00	13.55	16.41	14.00	24.36	51.92	45.75	33.96	2.41	348.34	3.71	613.69
2960.00	525.00	19.54	29.69	2.87	7.78	38.46	30.58	54.13	41.61	17.74	1.68	426.66	2.38	726.63
2825.00	830.00	20.61	28.26	6.00	8.46	54.69	25.62	55.33	40.15	29.38	1.85	600.47	3.72	734.78
3725.00	1340.00	24.31	27.92	11.54	13.66	32.14	28.16	58.36	43.56	35.97	2.39	433.59	2.23	929.64
3540.00	820.00	18.60	22.70	4.23	8.00	35.21	31.05	55.61	37.64	23.16	1.80	654.32	1.82	898.71
3525.00	1490.00	25.38	20.00	9.62	11.73	32.98	26.81	53.83	45.74	42.27	2.34	580.01	1.44	969.76
3050.00	345.00	10.11	14.03	0.82	9.76	32.91	18.33	42.29	38.08	11.31	1.05	707.52	1.07	1201.96
4270.00	1325.00	21.34	21.75	3.49	14.39	28.57	28.90	54.13	44.76	31.03	2.00	698.02	1.20	1140.55
3045.00	685.00	18.68	23.53	6.73	8.81	28.33	26.34	49.79	37.23	22.50	1.78	347.90	1.70	1009.38
3410.00	660.00	18.84	20.91	1.91	8.55	48.19	23.08	54.81	37.47	19.35	1.46	813.19	1.22	1286.56
3540.00	870.00	21.33	23.59	3.11	8.22	32.93	27.07	51.01	36.53	24.58	1.72	850.09	0.74	1295.02
2840.00	820.00	15.85	34.40	2.11	5.95	26.67	30.47	56.22	35.32	28.87	1.67	1144.48	0.35	1290.42
1935.00	180.00	10.32	13.19	0.52	2.87	28.26	21.25	45.31	45.31	9.30	0.95	838.89	0.85	1225.57
5450.00	1490.00	22.19	27.97	5.66	8.98	40.17	22.63	52.37	36.54	27.34	1.77	543.70	1.00	1228.32
4770.00	1145.00	19.72	21.54	2.61	7.93	34.51	23.96	52.22	44.98	24.00	1.58	848.10	0.91	1259.67
2315.00	705.00	18.71	21.67	5.82	11.40	21.74	25.63	47.61	44.14	30.45	1.88	1125.60	0.27	1471.04
5135.00	1355.00	23.18	30.41	1.36	7.22	40.60	15.11	43.63	41.61	26.39	1.37	1605.31	0.00	2612.91
3055.00	985.00	32.58	32.00	2.12	7.93	47.52	21.41	59.31	42.57	32.24	1.84	1196.57	0.27	2185.70
2515.00	315.00	17.57	25.59	1.76	7.35	36.07	12.99	41.18	37.94	12.52	1.05	981.47	0.52	1588.90
3820.00	465.00	16.89	28.96	2.35	7.65	48.78	12.48	42.26	41.73	12.17	1.05	591.98	1.00	1718.96
6815.00	1555.00	19.79	35.13	5.72	9.01	34.59	12.41	41.98	40.90	22.82	1.39	893.59	0.60	1918.91
6730.00	1270.00	15.50	38.66	2.60	7.06	26.72	17.58	52.14	42.44	18.87	1.24	1221.05	0.26	1468.60
2960.00	905.00	26.38	37.64	3.37	7.53	38.46	16.09	52.17	41.45	30.57	1.59	1037.00	0.50	1149.34
6585.00	1280.00	12.69	32.34	2.20	5.76	27.42	16.87	45.04	35.95	19.44	1.13	834.85	0.64	1471.84
6200.00	1975.00	15.74	29.64	7.98	11.15	34.01	27.60	56.15	44.83	31.85	1.97	487.24	1.64	1227.00
5270.00	1585.00	16.55	47.82	9.58	8.16	31.87	13.82	42.36	41.94	30.08	1.59	813.56	0.81	1196.90
4005.00	1880.00	17.26	33.86	20.22	15.50	41.82	12.29	43.60	45.41	46.94	2.33	897.05	0.84	1263.21
4080.00	1800.00	28.06	45.64	12.73	17.31	24.53	13.40	41.99	50.87	44.12	2.29	799.11	0.86	1125.85
4315.00	950.00	17.81	44.55	7.51	8.32	33.66	8.64	32.04	47.45	22.02	1.30	538.04	1.28	1032.20
3055.00	375.00	15.69	46.30	0.65	3.95	26.42	9.58	28.34	38.48	12.27	0.81	922.24	0.79	1399.89
6135.00	1935.00	18.89	36.09	10.43	11.01	36.49	16.41	42.83	45.06	31.54	1.81	1067.67	0.59	1455.70
3655.00	860.00	15.28	21.03	2.72	11.20	16.28	20.79	44.72	35.81	23.53	1.47	1313.13	0.07	1508.41
2915.00	700.00	16.03	34.17	5.47	10.14	22.41	22.50	49.79	46.59	24.01	1.62	728.99	1.85	1187.30
3370.00	690.00	10.17	39.41	2.52	6.05	36.76	15.17	37.92	44.41	20.47	1.07	600.98	2.00	1203.26
5655.00	1550.00	19.81	30.07	9.36	7.79	30.99	14.60	39.68	45.42	27.41	1.62	839.25	1.07	1238.63
5045.00	2170.00	21.97	29.18	13.93	13.78	27.05	14.03	43.46	43.55	43.01	2.14	972.48	0.62	1373.64
5925.00	3025.00	30.10	44.99	18.30	22.09	35.58	15.66	44.97	52.09	51.05	2.79	701.18	0.73	1430.25
4200.00	670.00	14.41	24.44	3.93	4.27	24.56	13.64	31.63	42.83	15.95	1.07	1129.62	0.32	1967.10
1400.00	130.00	15.49	43.70	1.06	2.31	16.28	11.31	33.94	50.00	9.29	0.79	2508.96	0.00	3635.19
5415.00	975.00	20.32	33.81	1.66	6.55	20.78	11.84	38.22	40.58	18.01	1.12	669.97	0.84	1480.49
4400.00	1000.00	19.23	43.44	3.87	7.40	27.87	7.02	24.58	37.97	22.73	1.13	717.62	1.59	1037.94
4430.00	970.00	22.27	39.68	2.47	6.90	26.85	11.76	32.50	46.69	21.90	1.24	536.78	1.03	1199.57
3140.00	1120.00	29.30	47.32	3.82	6.89	26.53	21.03	49.71	49.21	35.67	1.85	406.53	1.32	1132.53
4100.00	1050.00	21.80	45.31	7.39	8.22	25.24	9.34	32.55	44.64	25.61	1.43	610.74	1.45	1194.05
3105.00	575.00	18.24	37.20	2.25	4.32	24.24	13.43	33.47	45.48	18.52	1.11	590.76	1.10	1175.24
3570.00	985.00	25.00	42.38	6.28	9.23	36.96	13.77	34.77	42.78	27.59	1.62	627.53	1.09	1310.77
4175.00	935.00	19.82	42.16	5.97	8.69	34.15	23.99	45.69	42.48	22.40	1.70	824.40	0.94	1185.99
2985.00	845.00	21.97	36.26	3.51	8.07	35.09	29.84	53.91	41.96	28.31	1.87	885.29	0.73	1174.53
4030.00	1125.00	22.66	46.70	5.79	9.00	36.26	20.71	44.63	38.44	27.92	1.74	543.36	1.86	878.23
4825.00	1550.00	20.49	45.01	7.05	10.10	37.07	13.86	39.77	46.82	32.12	1.63	474.21	1.54	1046.76
3580.00	1095.00	21.35	51.03	9.77	10.94	33.00	12.12	35.86	50.26	30.59	1.71	649.08	1.30	1076.10
4375.00	1100.00	19.55	42.52	5.47	8.88	31.09	8.75	30.56	49.60	25.14	1.31	575.03	1.19	1137.95
4110.00	900.00	17.48	47.51	5.85	7.68	24.51	9.75	29.26	40.09	21.90	1.24	682.63	1.27	1159.62
3710.00	1590.00	33.17	26.20	5.88	17.00	34.82	37.05	65.97	47.51	42.86	2.74	866.72	0.50	1542.53
4545.00	2050.00	31.84	21.63	8.14	12.19	28.21	34.48	68.17	48.77	45.10	2.65	807.92	0.77	1637.69
4915.00	2680.00	36.74	20.54	7.82	16.63	27.92	25.04	62.28	54.11	54.53	2.69	636.29	0.91	1063.90
6010.00	2595.00	37.12	25.62	9.32	10.91	51.11	33.33	70.30	47.91	43.18	2.72	445.38	1.11	1103.83
2225.00	860.00	29.37	22.29	6.29	16.58	27.78	24.84	60.56	55.33	38.65	2.29	753.44	1.00	1255.73
2715.00	1015.00	26.39	27.94	7.37	13.28	30.14	28.32	60.97	49.61	37.38	2.28	509.97	1.00	1434.40
4610.00	1900.00	28.63	19.63	7.05	12.16	32.54	33.02	66.98	49.76	41.21	2.46	477.47	1.00	1439.15
3965.00	1330.00	26.34	29.45	2.89	9.02	26.09	35.42	59.64	43.41	33.54	2.16	1305.79	0.25	1505.74
3040.00	1120.00	32.24	37.87	6.58	11.67	36.05	34.43	57.89	48.00	36.84	2.49	619.37	1.92	1041.81
6595.00	2615.00	26.05	39.08	6.44	12.90	31.64	26.15	52.68	48.11	39.65	2.20	699.72	2.55	900.70
4305.00	1325.00	21.56	43.50	3.58	11.11	37.50	21.27	47.75	42.67	30.78	1.73	528.50	1.32	1051.58
3945.00	1430.00	21.57	40.27	4.56	8.98	25.00	23.83	51.87	41.84	36.25	1.85	463.11	1.02	1096.28
3420.00	1320.00	28.04	34.75	5.85	8.43	30.56	30.99	58.38	38.77	38.60	2.24	845.61	0.81	1240.08
2655.00	1200.00	24.43	38.56	8.47	13.51	31.46	25.79	56.45	55.06	45.20	2.32	937.51	0.71	1242.02
5045.00	2075.00	28.73	34.82	9.20	14.96	33.58	25.84	58.27	54.78	41.13	2.41	968.12	0.94	1090.89
2810.00	1090.00	20.83	31.58	6.93	11.48	23.88	29.79	61.47	43.45	38.79	2.18	1038.71	0.21	1262.42
3855.00	1360.00	25.60	37.06	7.25	15.44	34.34	19.13	51.68	50.79	35.28	2.03	503.65	2.33	797.39
1355.00	335.00	20.00	37.01	7.19	9.46	52.94	29.71	55.23	42.38	24.72	1.95	462.70	1.00	1421.67
3220.00	655.00	19.50	40.51	3.41	6.73	39.78	15.98	35.15	42.86	20.34	1.32	531.94	1.09	1255.79
1625.00	350.00	20.43	37.34	2.77	8.74	42.86	15.79	34.96	43.63	21.54	1.36	744.19	1.19	1201.04
1590.00	265.00	17.98	38.06	0.94	7.69	34.00	15.21	36.88	44.76	16.67	1.15	934.38	0.82	1188.60
1970.00	630.00	20.95	40.72	5.06	7.47	42.37	17.63	40.12	46.84	31.98	1.61	1122.41	0.18	1234.06
1675.00	545.00	22.08	47.13	1.79	7.96	56.82	18.55	35.64	46.31	32.54	1.55	976.13	0.70	1190.50
2865.00	815.00	22.86	42.05	4.46	12.70	29.55	15.59	32.02	54.12	28.45	1.64	649.64	1.45	1043.83
2090.00	905.00	19.81	40.10	14.29	12.55	31.87	11.61	30.03	55.69	43.30	2.03	512.92	2.04	1031.30
2345.00	1130.00	19.23	47.26	8.26	17.65	24.00	20.26	48.83	50.00	48.19	2.18	420.83	2.86	997.51
1890.00	550.00	18.68	43.72	2.36	5.93	35.38	12.00	40.00	49.79	29.10	1.24	772.03	2.42	1124.81
1735.00	585.00	21.79	47.25	3.16	11.17	50.00	21.53	41.67	34.86	33.72	1.76	627.26	1.43	1078.17
3210.00	990.00	22.42	37.38	3.70	7.03	31.20	11.40	34.58	50.87	30.84	1.39	785.01	1.30	1150.79
2350.00	480.00	21.67	45.08	4.03	13.38	29.23	12.28	37.34	45.20	20.43	1.42	726.48	1.17	1143.75
4675.00	1855.00	21.70	50.50	9.18	13.79	31.06	16.54	43.62	47.85	39.68	1.98	371.61	1.84	1019.48
2905.00	1240.00	29.17	44.60	5.24	10.15	40.28	25.00	55.56	45.45	42.69	2.16	578.60	2.74	922.50
4205.00	1820.00	28.05	32.50	9.51	16.49	22.41	31.01	53.96	51.35	43.28	2.61	555.84	2.91	876.12
2180.00	705.00	24.78	42.66	6.83	9.52	37.88	19.48	46.13	39.66	32.34	1.85	271.76	3.45	791.68
2685.00	970.00	21.85	49.83	5.57	9.88	33.33	16.44	33.56	53.06	36.13	1.72	420.98	3.96	988.15
6035.00	3320.00	22.49	33.82	19.45	23.90	47.75	32.23	60.82	51.04	55.01	3.22	326.97	1.18	1161.85
6770.00	3505.00	18.48	34.75	19.56	20.13	42.68	27.65	61.08	51.54	51.77	2.90	609.94	1.69	1258.22
4115.00	2145.00	24.20	28.30	14.46	20.77	32.08	29.74	58.84	49.72	52.13	2.89	1123.59	0.26	1546.24
4540.00	2570.00	25.97	24.14	23.02	28.03	41.35	28.35	61.94	46.39	56.61	3.43	1473.68	0.00	1669.49
3480.00	1700.00	20.45	28.52	9.76	20.77	37.89	33.27	59.51	46.42	48.85	2.69	1731.46	0.00	1839.96
6425.00	3095.00	21.08	30.21	13.94	13.08	38.42	32.62	66.31	50.27	48.17	2.68	1085.13	0.48	1509.37
415.00	155.00	13.33	46.51	9.64	16.98	0.00	27.78	54.17	62.00	37.35	2.18	907.99	0.64	1146.97
3615.00	1525.00	29.56	53.92	2.60	13.01	34.21	15.32	42.34	51.96	42.19	1.86	475.91	2.03	792.91
2160.00	475.00	19.13	49.15	2.08	7.27	32.69	13.02	31.58	43.17	21.99	1.21	333.88	2.94	638.51
2665.00	560.00	16.91	48.24	1.31	7.50	30.91	16.48	36.34	50.31	21.01	1.22	709.51	2.96	852.46
3405.00	1290.00	27.38	47.04	5.56	11.48	43.01	22.28	45.63	50.13	37.89	2.04	455.95	2.81	696.90
2500.00	780.00	30.89	46.18	1.79	11.85	40.85	16.79	44.77	51.85	31.20	1.74	454.78	2.81	725.38
5600.00	2115.00	26.30	46.99	4.22	11.67	42.21	20.58	50.59	47.33	37.77	1.92	335.59	4.00	613.43
3240.00	1290.00	27.27	52.17	3.55	9.62	47.83	11.27	34.73	52.30	39.81	1.64	607.76	2.16	956.78
2175.00	570.00	22.00	48.15	2.48	11.30	27.63	11.87	32.98	49.32	26.21	1.39	269.05	2.88	769.66
2450.00	750.00	15.84	48.50	1.83	8.17	30.14	11.14	27.85	45.95	30.61	1.21	242.17	4.18	685.64
2480.00	825.00	23.36	49.44	1.39	8.94	35.29	11.40	38.95	45.79	33.27	1.39	396.47	5.56	643.89
2615.00	1020.00	27.43	44.94	3.42	4.02	24.44	16.26	35.60	48.81	39.01	1.65	316.75	3.26	785.65
2020.00	845.00	23.60	50.22	3.66	11.90	40.96	14.99	37.46	50.80	41.83	1.75	687.06	2.16	1047.69
2300.00	1165.00	29.29	46.84	3.26	11.57	51.14	14.47	39.47	55.31	50.65	1.93	1001.65	0.95	1268.59
2680.00	1170.00	28.46	45.22	6.24	13.00	41.57	16.09	35.86	51.43	43.66	2.02	727.71	1.75	1143.95
3125.00	1185.00	27.89	42.58	5.73	10.44	38.53	16.73	33.46	54.67	37.92	1.88	629.58	2.02	940.83
2360.00	1010.00	24.14	37.86	8.90	9.21	40.00	24.23	55.43	50.41	42.80	2.17	942.30	0.66	1127.80
2235.00	820.00	28.57	46.81	2.45	6.81	29.23	16.58	34.49	46.45	36.69	1.67	288.39	5.11	763.68
3470.00	1380.00	28.14	45.63	1.43	9.57	41.49	18.36	45.81	48.57	39.77	1.77	334.15	2.79	613.64
3665.00	1330.00	31.91	43.83	4.36	12.23	51.85	17.64	41.10	44.93	36.29	1.95	583.71	2.24	842.96
2120.00	650.00	26.36	46.15	1.17	9.50	41.51	18.44	42.36	47.03	30.66	1.61	466.27	2.67	740.57
2265.00	830.00	27.03	45.00	2.18	10.44	42.03	20.05	46.97	42.75	36.64	1.80	685.16	2.40	848.01
3015.00	815.00	27.54	40.79	3.29	10.57	43.75	18.81	49.69	39.33	27.03	1.71	759.99	2.24	917.04
5085.00	1585.00	26.56	49.73	2.45	10.17	26.79	19.27	44.48	42.64	31.17	1.71	469.66	1.00	1110.41
4295.00	1480.00	32.89	44.69	4.19	10.96	35.65	24.71	55.14	47.32	34.46	2.10	476.46	2.05	901.95
2050.00	610.00	23.60	51.71	5.80	5.53	44.07	13.22	46.26	45.11	29.76	1.50	675.01	2.46	822.84
7605.00	1970.00	24.65	40.94	3.22	7.35	35.50	11.60	33.36	35.90	25.90	1.37	393.36	2.20	723.84
2050.00	595.00	25.24	48.42	7.80	10.55	31.82	14.96	40.18	46.44	29.02	1.76	500.97	1.19	1162.77
2325.00	595.00	19.83	50.00	8.37	7.41	36.36	12.19	35.57	36.08	25.59	1.49	819.04	1.68	1132.49
6215.00	2210.00	30.10	49.47	7.93	7.94	44.31	19.90	50.64	46.85	35.56	2.01	926.88	0.70	1209.84
4155.00	1390.00	22.89	53.58	2.76	9.30	33.33	20.32	46.97	43.06	33.45	1.69	433.47	1.46	945.75
2820.00	780.00	25.33	47.18	2.84	5.75	29.85	16.67	41.88	41.19	27.66	1.50	592.99	2.13	818.63
2700.00	725.00	26.95	48.98	1.85	6.35	17.24	15.52	36.81	48.01	26.85	1.46	367.55	3.06	577.36
3195.00	425.00	7.57	46.76	0.00	0.95	23.08	14.24	40.56	31.78	13.30	0.70	1553.35	0.00	2039.40
3085.00	505.00	19.39	48.37	3.36	6.69	41.51	19.08	46.42	36.84	16.37	1.35	871.88	1.14	1092.31
3800.00	1155.00	28.86	50.71	4.59	7.75	35.16	12.62	37.86	46.04	30.39	1.60	510.95	1.00	1271.36
4515.00	1280.00	24.03	48.54	3.98	5.80	42.86	23.51	49.67	45.61	28.35	1.71	575.16	1.57	1016.63
4920.00	1665.00	23.77	44.36	8.13	10.87	46.02	20.98	49.88	45.69	33.84	1.97	853.33	1.14	1182.64
2610.00	740.00	21.54	46.69	5.54	12.37	36.21	17.52	45.33	42.36	28.35	1.70	1128.46	0.11	1491.20
4325.00	1650.00	26.61	46.12	5.67	8.52	41.90	22.87	52.24	44.78	38.15	1.98	1046.21	0.52	1185.96
2405.00	460.00	28.47	36.91	0.00	5.22	52.17	21.20	60.47	35.08	19.13	1.45	1293.21	0.18	1609.79
2720.00	875.00	29.27	33.59	1.10	9.42	42.03	31.49	65.06	44.57	32.17	2.04	849.27	0.55	1436.06
6415.00	1610.00	25.39	30.88	0.70	8.46	33.95	21.04	56.71	40.24	25.10	1.56	1044.71	0.46	1806.76
3115.00	705.00	25.99	38.69	0.80	7.12	32.39	20.55	53.75	41.95	22.63	1.50	409.03	1.36	1032.96
3040.00	735.00	23.49	42.49	0.00	7.27	34.92	23.31	57.37	41.02	24.18	1.52	624.49	1.81	956.73
4465.00	1620.00	27.76	33.50	2.01	10.13	42.96	15.52	55.22	48.70	36.28	1.68	534.65	1.19	1060.50
5660.00	1420.00	19.94	36.15	3.45	10.72	41.48	17.42	51.19	39.56	25.09	1.51	578.14	1.43	986.41
2940.00	590.00	18.13	37.18	0.34	6.69	46.03	14.14	43.25	39.94	20.07	1.12	782.57	1.02	1306.08
2215.00	485.00	16.41	27.72	0.67	4.58	34.00	11.61	34.82	37.30	21.90	1.01	1108.45	0.37	1374.63
1995.00	410.00	12.73	33.70	1.50	6.31	20.00	12.23	43.12	39.83	20.55	1.00	1123.40	0.21	1588.94
5185.00	1340.00	25.76	28.34	1.64	8.15	29.29	15.19	51.39	41.32	25.84	1.45	1470.82	0.02	2056.72
3600.00	1050.00	25.59	31.89	1.24	8.92	37.00	20.82	56.41	45.80	29.17	1.64	2284.80	0.00	2916.49
1385.00	330.00	23.38	35.34	0.70	6.99	38.71	22.41	63.36	51.02	23.83	1.51	1807.41	0.00	2534.24
3865.00	965.00	21.66	40.52	5.81	8.27	44.16	20.47	52.76	37.50	24.97	1.66	851.48	0.84	1231.60
2630.00	835.00	30.00	40.15	3.98	8.30	40.00	23.54	57.34	39.78	31.75	1.92	582.39	1.00	1399.62
4045.00	1470.00	27.85	45.19	9.26	15.75	45.83	18.57	48.86	47.72	36.34	2.16	874.01	0.84	1666.29
4265.00	1170.00	25.11	47.95	1.15	9.09	41.11	21.63	54.69	43.57	27.43	1.63	1280.83	0.22	2113.76
3385.00	425.00	16.30	44.26	2.35	6.99	32.84	12.12	40.78	37.14	12.56	1.02	1051.45	0.48	1736.87
5990.00	1240.00	16.12	39.23	4.08	5.87	31.72	14.10	38.50	42.27	20.70	1.21	682.90	1.08	1346.76
5300.00	1295.00	23.53	37.97	3.19	8.09	31.03	17.06	48.59	45.90	24.43	1.49	471.76	1.34	1029.00
5110.00	1045.00	14.92	32.97	1.57	7.34	38.69	15.02	45.19	42.81	20.45	1.14	747.35	1.05	1104.54
5735.00	2280.00	23.95	47.87	5.69	11.23	40.84	17.48	45.63	48.02	39.76	1.86	622.23	1.00	1685.43
3345.00	1750.00	34.21	46.78	1.49	12.23	49.14	21.58	53.37	50.62	52.32	2.18	938.33	0.62	1987.01
2355.00	885.00	26.85	43.22	5.57	14.94	62.34	14.81	43.12	37.55	37.58	1.89	854.34	0.81	2222.86
2000.00	965.00	35.79	43.72	0.00	13.04	41.94	22.50	54.69	52.24	48.25	2.15	541.97	1.00	1719.69
2110.00	1045.00	36.73	48.70	0.47	15.60	46.91	19.59	52.05	49.08	49.53	2.18	313.56	1.54	1511.24
2305.00	1245.00	33.98	49.38	1.29	11.87	53.62	25.60	51.20	47.47	54.01	2.29	451.63	2.51	1361.21
3170.00	1990.00	39.71	45.05	1.88	16.43	52.63	29.58	60.16	49.63	62.78	2.74	628.28	2.03	1190.25
1645.00	860.00	36.71	42.33	0.57	25.83	62.50	30.00	58.85	47.18	52.28	2.71	516.89	1.80	1001.18
1110.00	555.00	29.63	45.22	3.59	10.77	65.00	23.08	46.70	45.83	50.00	2.16	696.59	1.17	1029.14
2570.00	1440.00	40.65	45.86	1.92	12.21	56.38	24.52	57.14	53.67	56.03	2.45	348.32	2.24	750.21
2720.00	1325.00	42.25	38.55	1.64	12.73	47.73	23.68	56.22	44.84	48.71	2.37	348.16	2.67	966.43
1975.00	1030.00	32.56	51.16	2.53	8.72	46.27	26.25	59.06	47.47	52.15	2.24	322.38	2.43	842.55
1780.00	905.00	32.50	46.74	1.94	19.90	51.79	21.77	52.38	47.22	50.84	2.32	316.81	2.25	641.07
2145.00	790.00	27.27	45.92	0.70	7.60	54.65	21.21	49.04	47.35	36.83	1.72	418.27	3.23	676.18
3595.00	1620.00	32.12	48.21	2.20	9.00	52.14	19.67	48.50	45.50	45.06	1.96	566.13	2.32	909.15
3145.00	1165.00	19.15	49.44	11.58	12.78	42.98	14.74	39.18	46.87	37.04	1.92	640.01	1.47	1192.47
2700.00	965.00	20.66	51.64	6.52	12.35	38.68	9.38	35.63	57.06	35.74	1.59	800.35	1.74	945.70
1390.00	260.00	10.53	44.00	3.48	4.79	34.78	4.92	22.95	48.96	18.71	0.79	349.96	2.52	860.38
1615.00	290.00	21.79	46.29	5.57	7.62	34.48	6.27	13.65	51.34	17.96	1.17	502.79	1.92	1016.64
1610.00	645.00	23.08	52.15	6.34	11.56	37.88	11.07	24.22	59.09	40.06	1.71	703.15	1.00	1184.41
2320.00	650.00	15.85	61.95	5.13	5.34	33.33	9.05	25.95	49.66	28.02	1.19	881.91	0.87	1211.00
3195.00	1060.00	24.81	58.69	5.99	9.89	34.83	5.13	18.87	50.89	33.18	1.45	969.12	0.56	1345.75
2350.00	630.00	19.35	58.78	4.89	8.48	26.98	4.39	18.29	41.34	26.81	1.17	495.48	2.90	1012.68
2740.00	715.00	21.95	51.89	3.62	8.05	48.15	10.27	27.67	45.50	26.09	1.32	330.19	3.63	907.05
955.00	215.00	22.22	33.33	4.64	3.45	30.00	3.21	14.10	52.32	22.51	1.03	350.93	3.13	764.83
3185.00	845.00	15.75	50.93	3.66	7.11	34.94	9.39	22.35	48.25	26.53	1.16	247.88	2.31	881.85
2300.00	775.00	26.04	53.07	6.07	16.67	56.25	5.69	26.24	49.52	33.70	1.64	506.21	2.62	899.83
2005.00	495.00	23.40	47.77	4.20	7.22	36.36	10.98	22.83	48.36	24.69	1.35	316.52	3.04	742.51
1560.00	430.00	25.68	49.15	2.22	5.34	57.14	11.32	32.08	50.70	27.56	1.32	497.68	2.80	799.95
820.00	315.00	15.15	50.00	3.49	17.43	60.00	12.50	39.58	55.21	38.41	1.59	563.29	3.61	803.72
565.00	230.00	19.05	53.62	0.00	5.13	56.25	10.68	34.95	41.56	40.71	1.25	455.01	1.75	826.25
1795.00	515.00	26.03	52.40	3.33	6.14	38.46	11.82	33.55	53.45	28.69	1.42	276.57	2.36	716.66
1995.00	570.00	22.83	51.77	2.00	6.18	25.00	11.92	35.47	52.61	28.57	1.31	462.64	3.17	795.21
2030.00	460.00	27.55	47.53	1.23	3.97	25.00	9.77	20.98	48.54	22.66	1.19	365.58	3.71	884.32
2030.00	580.00	21.59	58.66	5.42	8.11	26.09	11.14	26.74	50.79	28.57	1.43	405.47	3.12	865.64
1925.00	365.00	24.00	42.65	3.12	4.46	28.57	6.40	15.55	43.49	18.96	1.07	309.86	3.56	780.62
1765.00	570.00	11.29	54.38	3.66	12.39	30.65	8.54	23.10	48.94	32.29	1.23	520.87	3.89	762.62
1940.00	750.00	25.71	63.53	10.28	16.94	41.79	6.87	17.03	55.11	38.66	1.90	284.56	2.46	887.21
1545.00	470.00	17.65	56.61	6.43	7.69	35.85	5.38	20.07	46.01	30.42	1.25	380.62	2.92	875.35
1545.00	255.00	13.85	55.56	2.83	4.55	53.13	6.57	21.80	42.41	16.50	0.84	216.34	2.84	925.59
1655.00	365.00	20.78	50.26	1.51	5.26	46.15	6.81	17.56	51.25	22.05	1.01	326.97	2.00	925.60
1565.00	330.00	17.14	50.27	3.19	3.24	39.53	5.49	17.58	51.78	21.09	0.91	561.65	2.46	852.20
1225.00	415.00	17.65	52.78	1.53	5.39	31.25	13.66	30.40	50.83	33.88	1.28	755.54	3.16	878.33
2335.00	710.00	35.78	54.61	3.84	8.11	41.67	8.01	23.54	46.02	30.41	1.59	672.58	2.56	860.53
1925.00	755.00	19.32	44.39	5.19	11.89	35.71	17.30	32.39	51.26	39.22	1.76	269.07	2.87	649.08
1555.00	410.00	24.19	53.30	2.52	8.47	39.62	5.78	19.49	52.99	26.37	1.21	529.59	3.11	748.48
3010.00	740.00	18.80	37.24	4.29	7.40	31.03	15.38	27.50	53.61	24.58	1.39	344.06	2.08	804.47
1640.00	450.00	8.70	57.50	9.97	12.66	30.43	3.82	15.97	51.75	27.44	1.24	571.47	2.13	1010.23
2440.00	1080.00	14.77	45.30	8.20	11.84	41.56	7.03	22.92	57.63	44.26	1.57	361.95	1.06	1157.99
2455.00	985.00	30.43	41.35	4.90	10.00	41.67	13.35	26.95	67.00	40.12	1.83	626.69	1.00	1330.98
2465.00	570.00	21.24	34.45	5.01	5.67	34.15	9.70	25.34	54.61	23.12	1.25	395.74	1.35	1055.29
2235.00	570.00	20.54	33.17	2.18	9.00	44.23	14.14	31.36	48.32	25.50	1.35	534.88	1.35	1020.86
2350.00	705.00	18.58	37.16	3.83	10.57	30.65	24.73	39.52	53.88	30.00	1.75	652.04	1.70	997.41
3950.00	1475.00	25.71	51.85	4.85	8.69	31.03	10.93	25.45	48.40	37.34	1.60	609.68	2.00	937.05
3125.00	1675.00	8.89	67.52	22.07	19.60	7.56	0.71	6.95	69.79	53.60	2.10	486.66	2.40	727.24
3240.00	1485.00	20.19	68.12	16.51	10.16	14.56	3.17	14.46	62.09	45.83	1.87	282.48	2.72	535.58
4410.00	1840.00	13.57	71.75	9.34	13.24	15.98	5.66	22.26	56.47	41.72	1.55	201.17	3.05	422.32
2575.00	1170.00	14.94	56.82	8.67	8.90	27.87	9.54	25.81	51.52	45.44	1.61	445.82	2.86	646.84
835.00	235.00	28.57	52.94	4.76	7.02	45.45	2.68	15.44	51.30	28.14	1.29	594.22	1.47	918.96
1605.00	485.00	11.94	47.43	5.42	7.46	39.62	10.00	19.66	59.47	30.22	1.22	754.66	1.40	1131.18
2875.00	935.00	16.15	45.90	5.01	9.64	39.80	17.40	28.40	56.76	32.52	1.56	538.37	2.43	905.43
1080.00	430.00	22.92	52.85	6.11	14.07	35.56	12.63	28.28	58.74	39.81	1.79	338.64	3.08	654.98
1955.00	820.00	18.92	43.41	4.08	5.24	27.69	14.79	23.01	59.26	41.94	1.53	379.79	2.73	733.71
3010.00	1115.00	18.25	46.01	4.98	8.89	32.41	9.49	20.16	57.63	37.04	1.43	374.68	2.92	787.59
1460.00	590.00	26.23	56.57	4.79	10.47	51.67	17.86	39.29	55.68	40.41	1.87	591.70	3.18	685.02
1890.00	935.00	28.57	43.16	3.17	10.20	53.57	21.38	51.64	51.89	49.47	2.06	334.31	2.80	601.79
2515.00	1355.00	31.30	42.50	4.56	12.68	48.68	24.24	54.04	46.90	53.88	2.35	230.88	2.19	624.17
2070.00	810.00	32.29	46.09	4.31	9.23	48.78	8.78	29.75	51.16	39.13	1.69	698.10	3.01	820.94
1870.00	935.00	29.33	54.17	2.64	14.91	39.06	13.75	40.31	49.32	50.00	1.95	603.32	1.65	890.23
2795.00	1380.00	27.19	56.68	4.04	11.51	41.86	26.45	61.92	46.77	49.37	2.23	351.57	1.89	833.72
1845.00	1220.00	51.28	47.34	0.81	10.32	51.52	27.94	54.78	53.33	66.12	2.79	606.64	1.73	951.65
1165.00	610.00	22.50	55.07	1.67	8.55	50.91	18.39	37.67	57.82	52.36	1.80	718.46	1.60	1085.65
1595.00	735.00	28.89	53.37	3.13	16.74	65.67	9.62	38.14	49.75	46.08	1.84	182.54	1.00	1336.98
850.00	255.00	0.00	56.60	3.43	8.13	14.29	12.12	25.45	44.72	30.00	0.98	510.83	1.00	1541.34
735.00	315.00	11.76	62.11	1.69	14.96	17.39	11.83	30.18	50.81	42.86	1.43	849.34	0.91	1484.03
2060.00	1145.00	24.29	50.85	5.05	14.73	31.82	8.43	29.78	51.74	55.58	1.87	930.62	0.65	1516.23
1515.00	645.00	20.37	57.07	4.93	15.10	34.88	14.13	35.51	44.38	42.57	1.79	537.33	1.00	1441.89
1880.00	915.00	31.34	54.71	5.01	13.22	40.63	8.79	28.18	46.52	48.67	1.90	715.34	1.00	1295.49
775.00	330.00	34.62	45.78	3.25	28.70	61.76	11.90	38.89	52.75	42.58	2.23	576.59	1.78	1149.98
2115.00	1030.00	23.17	45.99	2.58	10.63	59.09	15.10	33.07	58.64	48.70	1.76	547.26	1.73	1001.58
1310.00	585.00	27.27	55.00	4.94	9.32	42.11	11.16	28.33	53.61	44.66	1.75	908.11	1.23	1244.29
1225.00	625.00	32.61	56.16	11.43	7.69	34.09	14.08	30.52	60.51	51.02	2.22	1231.48	0.00	1465.16
1300.00	580.00	16.28	57.93	5.95	7.69	19.61	7.53	23.01	62.43	44.62	1.44	1254.99	0.00	1362.24
1905.00	1160.00	13.56	58.52	4.50	13.33	27.54	19.01	37.47	48.54	60.89	1.95	1174.93	0.06	1463.17
745.00	410.00	13.04	68.57	10.06	12.79	48.28	19.87	42.31	59.74	55.03	2.10	1079.03	0.09	1370.19
405.00	330.00	41.18	62.00	3.66	13.04	11.76	34.33	59.70	38.46	81.48	3.12	445.13	1.05	1017.24
810.00	395.00	8.00	69.37	8.43	17.78	10.00	22.36	39.75	52.27	48.77	2.04	742.20	1.00	1212.57
1230.00	450.00	4.65	52.82	4.28	6.90	26.92	4.22	15.19	53.85	36.59	0.94	856.57	2.00	919.79
1725.00	1285.00	42.11	51.61	5.80	47.44	12.20	35.68	70.48	67.65	74.49	3.90	887.92	2.00	973.19
2480.00	360.00	6.25	53.67	3.74	5.59	41.18	1.89	12.16	38.01	14.52	0.60	945.05	0.46	1530.87
420.00	10.00	0.00	31.11	2.38	3.23	66.67	0.00	12.66	42.42	2.38	0.17	3108.73	0.00	3515.02
420.00	130.00	36.84	53.85	3.45	10.34	15.38	4.11	15.07	45.90	30.95	1.54	444.87	3.99	610.56
245.00	80.00	27.27	45.83	5.17	8.82	0.00	0.00	6.00	54.05	32.65	1.30	826.49	0.80	1161.19
280.00	105.00	0.00	62.16	8.33	5.71	22.22	3.45	20.69	42.50	37.50	0.98	837.28	0.96	1461.07
1655.00	215.00	8.79	38.64	3.00	6.20	10.71	3.31	15.56	33.33	12.99	0.65	1523.76	0.00	1760.29
485.00	110.00	16.67	56.25	2.83	2.41	45.00	3.96	9.90	50.00	22.68	0.85	1356.74	0.11	1823.90
3370.00	660.00	14.12	44.07	5.76	4.98	14.00	1.65	12.85	48.83	19.58	0.87	1202.29	0.69	1620.29
3865.00	895.00	11.58	52.79	9.11	6.97	20.16	1.68	13.60	46.64	23.16	1.04	1036.49	0.56	1435.94
3865.00	1195.00	7.10	58.11	12.13	10.96	13.69	1.57	14.10	46.40	30.92	1.24	1165.84	0.10	1458.48
6095.00	3225.00	14.14	65.24	21.90	14.94	19.48	2.40	16.36	60.68	52.91	2.13	361.74	2.00	1038.97
4075.00	860.00	20.99	25.87	0.37	3.98	35.29	15.58	52.11	42.16	21.10	1.17	734.16	0.97	1678.84
1845.00	185.00	15.13	22.98	2.72	3.25	20.59	6.64	46.15	30.65	10.03	0.75	3013.79	0.00	3645.91
4125.00	365.00	14.86	16.72	0.24	5.39	25.93	9.36	45.15	39.32	8.85	0.76	2947.70	0.00	4004.80
5535.00	930.00	18.99	17.56	0.54	6.95	29.41	16.39	51.58	40.49	16.80	1.17	1011.89	0.76	1488.85
3830.00	1230.00	26.03	24.83	1.94	7.14	29.73	14.75	51.37	39.80	32.11	1.51	574.08	1.87	1047.52
6720.00	1095.00	21.87	29.12	0.60	5.95	28.11	16.31	51.83	38.25	16.29	1.20	1062.90	0.96	1273.26
6185.00	1340.00	19.34	25.69	0.16	6.39	31.98	17.63	54.49	39.08	21.67	1.24	1024.18	0.93	1432.98
3220.00	605.00	19.59	24.62	0.00	8.21	36.46	21.66	60.53	39.88	18.79	1.35	721.86	0.91	1621.21
7205.00	1900.00	24.04	31.54	0.35	7.60	42.69	20.89	61.31	37.54	26.37	1.51	960.28	0.64	2199.41
1675.00	195.00	8.65	16.54	0.60	9.48	48.78	10.67	47.04	34.33	11.64	0.81	2619.96	0.02	3250.64
3470.00	505.00	11.82	31.92	0.00	6.67	36.67	20.00	58.02	37.24	14.55	1.07	550.99	1.55	1134.90
2620.00	1380.00	15.46	56.65	16.57	12.94	12.88	2.34	15.53	57.95	52.67	1.90	250.19	2.00	905.74
2560.00	1225.00	11.34	53.74	19.93	11.15	23.42	3.51	16.29	43.31	47.85	1.89	378.37	1.69	1005.61
1985.00	1115.00	12.28	72.63	13.72	13.88	30.30	10.22	30.91	50.47	56.17	2.00	346.71	1.85	965.49
1740.00	780.00	29.27	40.88	6.86	7.78	23.68	7.87	30.71	47.83	44.83	1.74	903.66	0.64	1199.39
1930.00	1595.00	49.40	37.78	8.48	30.40	13.85	9.48	46.92	65.22	82.64	3.17	1231.47	0.06	1489.02
3340.00	1560.00	35.50	44.72	3.41	15.43	38.10	20.93	59.15	49.66	46.71	2.27	1186.77	0.36	1623.03
1065.00	590.00	25.00	55.08	3.72	13.48	58.82	27.06	59.41	50.00	55.40	2.30	1015.71	0.44	1527.94
3635.00	1695.00	33.53	39.33	4.95	16.52	37.76	17.64	51.03	50.45	46.63	2.22	529.86	1.81	991.68
2660.00	1420.00	40.43	41.20	5.26	15.35	47.14	28.03	62.37	46.49	53.38	2.70	455.84	1.14	989.22
2355.00	1205.00	28.04	45.96	4.25	15.06	43.86	20.50	49.31	46.51	51.17	2.19	681.26	1.52	1071.60
2085.00	1065.00	39.80	43.52	7.43	10.61	18.97	11.86	36.95	48.39	51.08	2.21	1209.42	0.14	1521.93
3315.00	1485.00	24.03	45.78	6.48	10.00	25.97	13.10	31.60	37.31	44.80	1.81	678.02	1.51	1140.33
3780.00	1855.00	32.60	46.09	5.50	15.11	48.76	21.33	48.00	48.01	49.07	2.32	403.97	2.63	1006.26
745.00	195.00	25.81	34.21	5.37	0.00	43.75	8.94	21.14	46.43	26.17	1.25	756.55	1.00	1043.19
2260.00	980.00	24.77	42.86	5.71	7.98	42.67	15.79	37.37	55.51	43.36	1.81	692.03	1.55	1252.59
1965.00	1070.00	36.36	39.68	3.47	16.75	38.98	20.67	54.00	50.57	54.45	2.40	703.93	0.68	1321.73
2990.00	1195.00	31.21	40.89	1.00	12.70	56.25	20.25	50.21	47.00	39.97	1.93	405.41	1.59	1212.21
1420.00	810.00	32.35	50.67	2.11	14.41	43.75	25.22	62.83	44.55	57.04	2.37	857.77	0.97	1511.93
700.00	310.00	32.35	29.82	2.07	8.97	37.93	18.52	51.85	32.26	44.29	1.92	916.73	0.74	1299.25
3665.00	1045.00	24.02	44.76	3.14	8.13	36.90	20.87	52.59	42.11	28.51	1.65	552.23	1.26	1138.82
3045.00	1370.00	31.95	31.42	2.78	11.82	46.15	22.30	59.23	49.47	44.99	2.11	748.91	1.00	1343.77
3670.00	1190.00	25.65	44.41	1.90	10.73	40.63	26.85	65.40	46.49	32.43	1.90	446.18	1.56	1030.28
4880.00	1225.00	23.53	37.71	2.87	8.38	33.96	23.28	54.32	43.97	25.10	1.66	507.69	1.78	1039.23
4380.00	1135.00	21.67	40.19	4.79	6.79	30.77	23.55	53.17	41.30	25.91	1.69	721.96	1.24	1108.16
6200.00	1805.00	21.43	35.42	4.75	10.65	35.95	23.30	56.46	38.65	29.11	1.79	628.30	1.55	971.10
3210.00	920.00	29.83	36.61	2.34	10.85	43.82	19.96	56.82	37.18	28.66	1.77	828.38	0.87	1094.30
5635.00	2400.00	32.97	42.05	10.06	12.71	37.29	17.18	41.69	47.75	42.59	2.27	1049.82	0.61	1286.37
1865.00	715.00	30.00	52.80	8.02	12.06	35.21	1.23	13.58	50.58	38.34	1.63	764.10	1.06	1481.48
2220.00	600.00	25.00	35.10	3.83	8.63	24.66	3.39	16.95	49.19	27.03	1.22	992.23	0.56	1384.37
6005.00	2810.00	24.56	49.30	14.38	14.26	23.48	6.94	27.74	49.45	46.79	2.08	598.73	1.39	977.34
3345.00	1715.00	22.00	57.36	13.17	16.06	22.89	9.04	26.58	52.68	51.27	2.13	353.52	2.07	793.92
5320.00	1140.00	21.14	30.82	5.62	8.72	27.46	9.00	25.13	44.01	21.43	1.30	715.27	0.88	1421.91
4150.00	1030.00	16.91	45.91	3.86	10.34	22.34	5.85	26.09	40.19	24.82	1.14	542.22	1.89	912.63
7425.00	2415.00	24.69	37.33	11.77	11.68	26.26	10.80	33.19	45.64	32.53	1.85	479.64	1.21	1075.93
4155.00	1395.00	28.26	36.34	10.83	10.75	29.79	15.00	41.41	47.28	33.57	1.99	669.54	1.45	1171.05
3820.00	1895.00	31.00	33.33	17.60	11.83	23.58	10.34	33.16	57.87	49.61	2.40	836.77	0.98	1247.90
4110.00	810.00	17.37	44.04	6.45	7.63	25.61	4.83	20.51	43.60	19.71	1.10	960.41	0.58	1473.60
2425.00	285.00	13.39	35.21	2.27	2.99	21.05	2.74	14.79	43.13	11.75	0.61	785.85	1.22	1257.39
2845.00	370.00	14.38	27.43	3.33	6.60	16.25	2.39	10.50	44.67	13.01	0.76	474.33	2.00	1176.45
3480.00	400.00	19.58	34.85	1.87	6.21	22.22	3.57	10.34	45.67	11.49	0.81	475.96	1.17	1419.51
1750.00	310.00	28.13	42.37	5.38	2.53	43.48	3.47	16.32	39.32	17.71	1.10	442.15	1.67	1327.76
1305.00	540.00	22.81	53.42	14.34	17.14	39.22	1.77	12.83	57.89	41.38	1.90	339.42	1.38	1326.78
3590.00	505.00	15.79	33.87	4.64	5.03	18.27	1.61	14.16	47.48	14.07	0.79	524.78	1.40	1446.87
2005.00	495.00	23.47	45.63	6.73	9.16	30.91	3.27	19.35	46.25	24.69	1.28	631.77	0.92	1342.13
3805.00	1480.00	26.49	46.84	18.27	8.99	30.21	5.43	21.88	48.52	38.90	2.02	666.11	1.92	1296.23
6550.00	1845.00	23.19	39.21	7.75	8.16	26.39	10.96	34.15	45.59	28.17	1.55	877.43	0.71	1437.64
5270.00	1750.00	24.31	29.98	18.47	11.92	23.46	5.47	22.64	47.39	33.21	1.98	561.26	1.16	1258.81
1985.00	485.00	16.33	37.08	12.85	13.22	16.95	2.19	15.63	53.42	24.43	1.44	750.17	0.73	1423.37
2030.00	470.00	20.51	32.18	11.30	6.58	18.97	7.62	15.87	53.22	23.15	1.45	923.15	0.87	1615.12
5925.00	1960.00	17.86	57.77	14.93	11.58	11.18	3.66	16.31	53.48	33.08	1.66	885.97	0.48	2069.20
6755.00	3165.00	21.52	39.22	20.34	11.57	20.50	5.80	22.36	58.70	46.85	2.16	853.02	0.88	1291.35
1770.00	535.00	20.00	37.21	4.55	10.13	11.81	0.57	5.10	68.57	30.23	1.15	950.11	0.48	1887.63
5280.00	1845.00	17.84	56.97	12.49	9.15	11.99	3.34	13.66	59.60	34.94	1.52	625.65	0.90	1483.28
5245.00	2285.00	21.65	25.29	15.43	12.56	29.50	17.84	45.32	48.64	43.57	2.28	533.09	1.00	1239.44
4405.00	2150.00	25.59	44.89	23.50	14.18	34.57	13.45	40.21	49.35	48.81	2.65	673.83	1.28	1255.92
4200.00	2515.00	20.47	25.00	25.79	17.88	28.21	12.82	43.99	53.37	59.88	2.83	728.80	1.16	1169.48
4560.00	2050.00	20.35	21.61	15.08	12.27	20.44	9.73	32.97	51.98	44.96	2.03	521.84	1.86	1073.63
6680.00	3360.00	30.66	28.40	19.13	15.72	32.42	16.16	50.43	49.57	50.30	2.70	638.31	2.13	1187.33
3760.00	1230.00	13.79	34.38	13.83	10.94	42.35	9.56	35.40	47.31	32.71	1.67	1366.08	0.10	1731.83
6980.00	4195.00	28.35	42.35	24.96	20.78	36.36	14.62	44.53	45.39	60.10	3.07	517.74	2.36	1072.16
6300.00	3105.00	22.89	45.63	18.55	13.25	14.29	6.04	21.48	55.57	49.29	2.19	748.84	0.93	1198.55
5905.00	3060.00	20.82	38.35	22.52	19.08	21.70	8.14	31.22	56.50	51.82	2.51	597.49	1.16	1385.47
6420.00	1610.00	16.18	35.45	8.72	8.93	26.24	7.54	32.02	50.36	25.08	1.33	555.53	1.00	1567.95
2000.00	445.00	18.70	18.67	3.25	7.05	35.29	21.79	50.96	36.99	22.25	1.48	680.69	1.71	992.86
5905.00	1430.00	15.27	14.36	0.85	9.05	35.87	25.09	53.31	40.16	24.22	1.48	859.26	0.73	1487.55
4035.00	1010.00	21.81	22.22	1.73	8.97	41.05	23.26	50.00	43.82	25.03	1.60	562.30	1.35	1115.07
6355.00	1080.00	19.51	14.93	0.79	8.48	32.62	19.05	50.28	50.92	16.99	1.29	1013.16	0.53	2540.54
5185.00	1010.00	13.65	44.77	0.67	5.80	27.84	25.55	54.36	38.80	19.48	1.32	1135.15	0.23	1653.41
6230.00	1630.00	21.11	14.96	2.81	8.50	27.83	26.88	54.20	41.24	26.16	1.73	813.24	0.87	1322.29
3265.00	945.00	24.34	16.52	4.13	6.93	44.44	23.86	49.46	44.90	28.94	1.76	1080.56	0.50	1700.47
4295.00	595.00	13.94	15.12	1.16	7.28	23.39	19.02	48.34	45.55	13.85	1.14	1556.65	0.00	2171.15
5200.00	1170.00	19.18	16.08	1.54	7.52	22.84	24.73	52.14	42.46	22.50	1.52	910.91	1.20	1141.83
3100.00	605.00	16.67	19.39	1.13	9.18	27.66	15.60	49.41	41.67	19.52	1.20	1770.22	0.00	3386.88
6005.00	630.00	13.49	10.53	0.58	6.53	28.26	11.59	44.46	35.32	10.49	0.85	3048.27	0.00	4077.86
3395.00	865.00	28.50	32.78	0.00	8.00	51.11	18.81	59.50	42.34	25.48	1.53	1729.31	0.00	2876.34
